world: world
x: -182.9352630813465
y: 69.0
z: 76.21481217528297
yaw: 268.70062
pitch: -17.94997
